a = [31.6870684930017;-6.93985618287455;-13.8844250033488;-5.56750955637080;-3.26942576334042;-0.358917625466052;3.18504342329914;-10.8822670293042;-3.42587658448195;0.313385503583681;-2.21571878974038;-0.442469327573021;11.5563384785347;-3.96563210449974;-10.3987216342590;-4.92816254659275;-3.17393749357323;-0.358917625466052;3.09201966082855;-9.63259788830912;-2.56580571012204;0.179077430619247;-0.808077159714041;-0.0632099039390031];
b = [3.559816;-0.332630;-6.394574;-4.312728;-0.485294;0.552223;0.588520;-2.405343;-3.032463;-0.094311;-0.823692;0.116416;1.298272;-0.190074;-4.789208;-3.817475;-0.471120;0.552223;0.571331;-2.129125;-2.271159;-0.053892;-0.300402;0.016631];
%c = a.*b
ans = a ./b
ans = ans'
